Train Accuracies:
0     0.665025
1     0.809091
2     0.859722
3     0.854040
4     0.876515
5     0.904040
6     0.913763
7     0.912626
8     0.909343
9     0.925379
10    0.930556
11    0.934091
12    0.937121
13    0.940404
14    0.946591
15    0.948359
16    0.937753
17    0.947222
18    0.940530
19    0.955808
20    0.951263
21    0.941919
22    0.953030
23    0.950884
24    0.950379
25    0.959217
26    0.959470
27    0.964015
28    0.955808
29    0.955682
30    0.949621
31    0.959722
32    0.954419
33    0.966162
34    0.941414
35    0.956061
36    0.972854
37    0.975000
38    0.968687
39    0.968813
40    0.965152
41    0.966540
42    0.977020
43    0.966919
44    0.960227
45    0.962626
46    0.973106
47    0.972854
48    0.965657
49    0.977778

Validation Accuracies:
0     0.803030
1     0.875253
2     0.888384
3     0.935354
4     0.904545
5     0.833333
6     0.940404
7     0.937374
8     0.925758
9     0.960101
10    0.931313
11    0.938889
12    0.917677
13    0.952525
14    0.904040
15    0.961616
16    0.926768
17    0.936364
18    0.947475
19    0.940909
20    0.960606
21    0.954040
22    0.880808
23    0.938384
24    0.946970
25    0.954040
26    0.951010
27    0.949495
28    0.928283
29    0.965152
30    0.979293
31    0.970202
32    0.930808
33    0.883333
34    0.948990
35    0.963131
36    0.970707
37    0.976263
38    0.979293
39    0.955051
40    0.948990
41    0.965152
42    0.964646
43    0.965152
44    0.960101
45    0.973232
46    0.968687
47    0.976263
48    0.975253
49    0.977273

Train Losses:
0     3.553585
1     0.480560
2     0.371842
3     0.373253
4     0.321967
5     0.258718
6     0.235407
7     0.244850
8     0.240591
9     0.206646
10    0.195905
11    0.195456
12    0.179599
13    0.160371
14    0.151407
15    0.153183
16    0.182941
17    0.159667
18    0.176477
19    0.123817
20    0.146160
21    0.153559
22    0.138337
23    0.142056
24    0.143390
25    0.119698
26    0.120762
27    0.108843
28    0.133662
29    0.132024
30    0.150787
31    0.120885
32    0.132067
33    0.105092
34    0.184516
35    0.129236
36    0.082110
37    0.072464
38    0.096287
39    0.095824
40    0.111660
41    0.105749
42    0.072352
43    0.093775
44    0.118088
45    0.117499
46    0.082380
47    0.085534
48    0.102107
49    0.067326

Validation Losses:
0     0.488467
1     0.307260
2     0.286830
3     0.179541
4     0.255099
5     0.450190
6     0.177375
7     0.158449
8     0.196671
9     0.106921
10    0.172221
11    0.166403
12    0.215187
13    0.132771
14    0.300365
15    0.115812
16    0.328714
17    0.173859
18    0.149266
19    0.215722
20    0.115636
21    0.120007
22    0.412083
23    0.223192
24    0.155226
25    0.163203
26    0.137805
27    0.134128
28    0.243009
29    0.109980
30    0.066448
31    0.094466
32    0.210822
33    0.256254
34    0.181845
35    0.120507
36    0.093616
37    0.074353
38    0.057673
39    0.161141
40    0.165626
41    0.097947
42    0.132988
43    0.080873
44    0.129186
45    0.081215
46    0.103907
47    0.080013
48    0.066891
49    0.092536

