Train Accuracies:
0     0.675884
1     0.839899
2     0.851010
3     0.891162
4     0.893939
5     0.904924
6     0.934470
7     0.930934
8     0.937753
9     0.936364
10    0.926389
11    0.939520
12    0.939394
13    0.946086
14    0.949621
15    0.943687
16    0.948990
17    0.951010
18    0.942298
19    0.950505
20    0.952146
21    0.951768
22    0.953283
23    0.950884
24    0.954419
25    0.959596
26    0.954293
27    0.960985
28    0.950631
29    0.964773
30    0.963636
31    0.959722
32    0.957576
33    0.969823
34    0.970581
35    0.968308
36    0.965783
37    0.975505
38    0.966035
39    0.961995
40    0.963384
41    0.966793
42    0.975379
43    0.963763
44    0.967298
45    0.972601
46    0.967424
47    0.973611
48    0.971717
49    0.977273

Validation Accuracies:
0     0.774747
1     0.853030
2     0.892424
3     0.897980
4     0.946465
5     0.927273
6     0.945455
7     0.914646
8     0.933333
9     0.951010
10    0.953030
11    0.924747
12    0.959091
13    0.968182
14    0.902020
15    0.928283
16    0.944949
17    0.906061
18    0.963131
19    0.946970
20    0.965152
21    0.949495
22    0.932323
23    0.921212
24    0.971717
25    0.950000
26    0.938889
27    0.936869
28    0.951515
29    0.951010
30    0.976263
31    0.958586
32    0.968182
33    0.971717
34    0.952020
35    0.961616
36    0.972727
37    0.984343
38    0.954040
39    0.973737
40    0.952525
41    0.969192
42    0.971212
43    0.909596
44    0.974747
45    0.972727
46    0.974747
47    0.977778
48    0.970202
49    0.977778

Train Losses:
0     2.380487
1     0.416059
2     0.376634
3     0.287802
4     0.278147
5     0.256785
6     0.186320
7     0.198479
8     0.182726
9     0.193377
10    0.218910
11    0.178858
12    0.169014
13    0.153769
14    0.153019
15    0.160951
16    0.148620
17    0.138986
18    0.171932
19    0.143244
20    0.141162
21    0.144272
22    0.137533
23    0.135632
24    0.138124
25    0.122501
26    0.134426
27    0.118541
28    0.152974
29    0.112082
30    0.102526
31    0.122963
32    0.131468
33    0.093183
34    0.087492
35    0.104424
36    0.101378
37    0.074762
38    0.108452
39    0.132450
40    0.107437
41    0.095793
42    0.078917
43    0.110185
44    0.095601
45    0.084430
46    0.107144
47    0.079352
48    0.081070
49    0.065283

Validation Losses:
0     0.570369
1     0.361125
2     0.286415
3     0.263913
4     0.156849
5     0.218960
6     0.168108
7     0.233282
8     0.221518
9     0.153266
10    0.137384
11    0.240036
12    0.124261
13    0.096332
14    0.359568
15    0.193900
16    0.158641
17    0.237603
18    0.128600
19    0.133888
20    0.109024
21    0.177808
22    0.186177
23    0.234230
24    0.096291
25    0.210070
26    0.197242
27    0.247781
28    0.117481
29    0.150571
30    0.077658
31    0.147216
32    0.102231
33    0.092951
34    0.128633
35    0.120428
36    0.075571
37    0.062077
38    0.168245
39    0.091250
40    0.161934
41    0.089683
42    0.089101
43    0.328280
44    0.069061
45    0.090590
46    0.093829
47    0.063867
48    0.115635
49    0.066317

