Train Accuracies:
0     0.697980
1     0.824495
2     0.854798
3     0.883838
4     0.894571
5     0.896338
6     0.910732
7     0.917929
8     0.929167
9     0.923106
10    0.937879
11    0.938384
12    0.945960
13    0.943056
14    0.942172
15    0.950253
16    0.949116
17    0.954040
18    0.960354
19    0.962626
20    0.953409
21    0.951641
22    0.956818
23    0.956439
24    0.961111
25    0.953157
26    0.961237
27    0.958965
28    0.953662
29    0.953914
30    0.965783
31    0.953535
32    0.958712
33    0.961237
34    0.958838
35    0.966667
36    0.967172
37    0.974242
38    0.971465
39    0.976263
40    0.962500
41    0.974116
42    0.976894
43    0.966793
44    0.974369
45    0.960859
46    0.956313
47    0.969192
48    0.972096
49    0.977778

Validation Accuracies:
0     0.808586
1     0.856566
2     0.852525
3     0.894444
4     0.843939
5     0.897475
6     0.909091
7     0.934848
8     0.929798
9     0.939394
10    0.912121
11    0.950000
12    0.928283
13    0.908586
14    0.903535
15    0.946465
16    0.958586
17    0.968182
18    0.939394
19    0.946465
20    0.933333
21    0.970707
22    0.959091
23    0.928788
24    0.939394
25    0.945960
26    0.952020
27    0.919192
28    0.966667
29    0.965152
30    0.960606
31    0.895455
32    0.972727
33    0.958081
34    0.964141
35    0.963636
36    0.972222
37    0.940404
38    0.982323
39    0.952525
40    0.972727
41    0.974747
42    0.926768
43    0.967677
44    0.939394
45    0.872727
46    0.935354
47    0.942929
48    0.971212
49    0.968687

Train Losses:
0     2.932651
1     0.458224
2     0.380247
3     0.310956
4     0.279113
5     0.273577
6     0.244622
7     0.229289
8     0.192043
9     0.214803
10    0.186655
11    0.176080
12    0.159256
13    0.162760
14    0.178851
15    0.147358
16    0.145777
17    0.137199
18    0.127337
19    0.108161
20    0.148417
21    0.150124
22    0.134560
23    0.136818
24    0.115157
25    0.138152
26    0.113946
27    0.120710
28    0.170623
29    0.143062
30    0.098258
31    0.151110
32    0.133444
33    0.106832
34    0.121421
35    0.110190
36    0.099548
37    0.076785
38    0.089150
39    0.088086
40    0.114428
41    0.077448
42    0.078442
43    0.106705
44    0.092238
45    0.119791
46    0.138765
47    0.092690
48    0.093670
49    0.070632

Validation Losses:
0     0.472844
1     0.380583
2     0.355672
3     0.320520
4     0.410719
5     0.290287
6     0.250410
7     0.177232
8     0.205028
9     0.155541
10    0.281252
11    0.138454
12    0.186296
13    0.244188
14    0.306723
15    0.179966
16    0.125765
17    0.089779
18    0.184259
19    0.161460
20    0.198387
21    0.101111
22    0.143100
23    0.255622
24    0.225250
25    0.149397
26    0.146706
27    0.236041
28    0.095279
29    0.098556
30    0.127643
31    0.420386
32    0.061134
33    0.128635
34    0.100237
35    0.129705
36    0.076212
37    0.206329
38    0.048085
39    0.156661
40    0.091493
41    0.071703
42    0.233452
43    0.118695
44    0.181104
45    0.324645
46    0.271252
47    0.214696
48    0.083287
49    0.105428

