Train Accuracies:
0     0.673737
1     0.815530
2     0.840657
3     0.875253
4     0.878662
5     0.884470
6     0.900758
7     0.915783
8     0.919444
9     0.926010
10    0.920833
11    0.940025
12    0.933207
13    0.947601
14    0.936995
15    0.946843
16    0.936490
17    0.953535
18    0.947475
19    0.956187
20    0.943561
21    0.947854
22    0.956061
23    0.955303
24    0.955051
25    0.953914
26    0.956944
27    0.954040
28    0.956944
29    0.953409
30    0.950000
31    0.961995
32    0.972096
33    0.961995
34    0.966288
35    0.964141
36    0.950631
37    0.962753
38    0.969066
39    0.967929
40    0.976010
41    0.967551
42    0.964773
43    0.965657
44    0.972475
45    0.971843
46    0.974495
47    0.969066
48    0.973737
49    0.970960

Validation Accuracies:
0     0.763131
1     0.854040
2     0.815657
3     0.903030
4     0.863636
5     0.881313
6     0.868182
7     0.873737
8     0.907071
9     0.868182
10    0.900000
11    0.927273
12    0.926768
13    0.953030
14    0.930808
15    0.945455
16    0.931313
17    0.890909
18    0.937879
19    0.949495
20    0.965152
21    0.946970
22    0.960606
23    0.971717
24    0.967172
25    0.886869
26    0.953535
27    0.955556
28    0.959596
29    0.968182
30    0.951010
31    0.942929
32    0.969192
33    0.957576
34    0.952020
35    0.942929
36    0.918182
37    0.966667
38    0.962626
39    0.961616
40    0.957071
41    0.945960
42    0.957071
43    0.979293
44    0.956061
45    0.979293
46    0.948990
47    0.910606
48    0.931313
49    0.969192

Train Losses:
0     4.245145
1     0.451726
2     0.407187
3     0.331680
4     0.327394
5     0.311524
6     0.275254
7     0.230109
8     0.220971
9     0.196070
10    0.233846
11    0.169818
12    0.191175
13    0.150518
14    0.185749
15    0.147045
16    0.176851
17    0.139966
18    0.160079
19    0.126415
20    0.169991
21    0.153924
22    0.130424
23    0.130839
24    0.139320
25    0.142499
26    0.127821
27    0.137407
28    0.141334
29    0.134261
30    0.161909
31    0.112992
32    0.087308
33    0.113372
34    0.098427
35    0.119528
36    0.164404
37    0.118076
38    0.100308
39    0.106984
40    0.068412
41    0.100661
42    0.104031
43    0.104338
44    0.093393
45    0.082792
46    0.073267
47    0.094113
48    0.082938
49    0.087689

Validation Losses:
0     0.626455
1     0.367586
2     0.581823
3     0.270375
4     0.374149
5     0.329023
6     0.318802
7     0.387591
8     0.277966
9     0.344489
10    0.250844
11    0.199821
12    0.193516
13    0.159016
14    0.196564
15    0.152777
16    0.164560
17    0.277691
18    0.159234
19    0.154325
20    0.115691
21    0.141288
22    0.120869
23    0.088293
24    0.098711
25    0.285770
26    0.184474
27    0.138056
28    0.134973
29    0.103956
30    0.158853
31    0.162938
32    0.086027
33    0.142350
34    0.183250
35    0.151799
36    0.163393
37    0.110309
38    0.112281
39    0.117523
40    0.120153
41    0.140013
42    0.128305
43    0.066656
44    0.117531
45    0.062238
46    0.126064
47    0.265550
48    0.173443
49    0.058479

