Train Accuracies:
0     0.674747
1     0.815657
2     0.846717
3     0.872854
4     0.894823
5     0.905177
6     0.920833
7     0.928283
8     0.914773
9     0.923990
10    0.938510
11    0.938763
12    0.950884
13    0.935227
14    0.939394
15    0.946970
16    0.940657
17    0.958081
18    0.944066
19    0.958207
20    0.949747
21    0.954040
22    0.955051
23    0.950884
24    0.956313
25    0.954293
26    0.960101
27    0.959470
28    0.959091
29    0.967172
30    0.951263
31    0.966540
32    0.947854
33    0.966793
34    0.956692
35    0.967172
36    0.971338
37    0.967424
38    0.968056
39    0.971212
40    0.973485
41    0.969192
42    0.957955
43    0.964015
44    0.961869
45    0.977146
46    0.961869
47    0.965278
48    0.974874
49    0.967172

Validation Accuracies:
0     0.845960
1     0.865657
2     0.844444
3     0.902525
4     0.938384
5     0.933838
6     0.940404
7     0.943939
8     0.898485
9     0.943939
10    0.965657
11    0.945960
12    0.937374
13    0.958586
14    0.846970
15    0.923232
16    0.932828
17    0.951010
18    0.937879
19    0.949495
20    0.964141
21    0.871717
22    0.977273
23    0.934848
24    0.940404
25    0.965152
26    0.910606
27    0.915152
28    0.960606
29    0.976768
30    0.960101
31    0.895455
32    0.961616
33    0.968687
34    0.961111
35    0.972727
36    0.946465
37    0.944444
38    0.960101
39    0.967172
40    0.981313
41    0.980303
42    0.918182
43    0.958081
44    0.979293
45    0.975758
46    0.933333
47    0.970707
48    0.951010
49    0.982828

Train Losses:
0     3.690404
1     0.471401
2     0.389803
3     0.336848
4     0.283638
5     0.263141
6     0.229994
7     0.200383
8     0.229177
9     0.221320
10    0.176718
11    0.174380
12    0.143579
13    0.195050
14    0.177723
15    0.150108
16    0.177296
17    0.127417
18    0.171954
19    0.121600
20    0.143597
21    0.126919
22    0.134077
23    0.148446
24    0.132874
25    0.140180
26    0.122274
27    0.116269
28    0.120415
29    0.104168
30    0.158135
31    0.102256
32    0.149658
33    0.104148
34    0.127598
35    0.110699
36    0.091833
37    0.102430
38    0.098238
39    0.089088
40    0.089158
41    0.096830
42    0.129458
43    0.120515
44    0.123964
45    0.071761
46    0.129892
47    0.097456
48    0.077350
49    0.100188

Validation Losses:
0     0.411321
1     0.362839
2     0.387435
3     0.250173
4     0.173919
5     0.213167
6     0.166923
7     0.165649
8     0.324030
9     0.149921
10    0.110068
11    0.162153
12    0.186204
13    0.115726
14    0.486035
15    0.228720
16    0.218535
17    0.138014
18    0.142798
19    0.141112
20    0.107092
21    0.316159
22    0.071874
23    0.218429
24    0.189202
25    0.089022
26    0.207286
27    0.391755
28    0.095105
29    0.062860
30    0.133468
31    0.233693
32    0.123890
33    0.082274
34    0.096926
35    0.081955
36    0.192234
37    0.157502
38    0.112050
39    0.103852
40    0.064738
41    0.064738
42    0.273257
43    0.115514
44    0.054562
45    0.074652
46    0.157294
47    0.081828
48    0.146743
49    0.053760

