Train Accuracies:
0     0.673359
1     0.816035
2     0.855934
3     0.879924
4     0.889141
5     0.919697
6     0.909848
7     0.920833
8     0.920455
9     0.927525
10    0.939015
11    0.941667
12    0.929798
13    0.946717
14    0.946465
15    0.948359
16    0.944444
17    0.949621
18    0.940404
19    0.947854
20    0.954167
21    0.955682
22    0.945202
23    0.949242
24    0.954419
25    0.961616
26    0.957702
27    0.953157
28    0.963258
29    0.966288
30    0.923106
31    0.951389
32    0.963384
33    0.960732
34    0.960480
35    0.973106
36    0.960101
37    0.969949
38    0.961490
39    0.967803
40    0.966035
41    0.965909
42    0.969949
43    0.968056
44    0.973737
45    0.972475
46    0.964141
47    0.970581
48    0.975758
49    0.965657

Validation Accuracies:
0     0.815657
1     0.864141
2     0.806566
3     0.795960
4     0.890404
5     0.901515
6     0.934848
7     0.772727
8     0.942424
9     0.945455
10    0.932323
11    0.882828
12    0.956061
13    0.907071
14    0.963636
15    0.970202
16    0.940404
17    0.857071
18    0.924747
19    0.963131
20    0.972727
21    0.928788
22    0.929293
23    0.922727
24    0.947980
25    0.954040
26    0.921212
27    0.968182
28    0.972222
29    0.951010
30    0.933333
31    0.948485
32    0.917172
33    0.925253
34    0.959596
35    0.932323
36    0.941919
37    0.945960
38    0.887879
39    0.962121
40    0.958586
41    0.961111
42    0.969697
43    0.973737
44    0.976263
45    0.962626
46    0.954040
47    0.975253
48    0.983838
49    0.971717

Train Losses:
0     3.134564
1     0.458394
2     0.377594
3     0.321200
4     0.292032
5     0.222807
6     0.246566
7     0.223845
8     0.232800
9     0.195753
10    0.174357
11    0.169926
12    0.194990
13    0.159442
14    0.153628
15    0.152182
16    0.151619
17    0.149880
18    0.176075
19    0.154297
20    0.143799
21    0.128712
22    0.169264
23    0.152784
24    0.129042
25    0.112605
26    0.133364
27    0.143575
28    0.113007
29    0.104030
30    0.224135
31    0.149188
32    0.109858
33    0.110370
34    0.120186
35    0.083833
36    0.122894
37    0.086333
38    0.117856
39    0.099350
40    0.091970
41    0.106210
42    0.098655
43    0.106895
44    0.080843
45    0.084354
46    0.119527
47    0.088283
48    0.074571
49    0.106768

Validation Losses:
0     0.470202
1     0.339391
2     0.588523
3     0.538626
4     0.277374
5     0.277430
6     0.166194
7     0.688175
8     0.160800
9     0.150690
10    0.210441
11    0.291112
12    0.119711
13    0.259781
14    0.126637
15    0.098391
16    0.210929
17    0.442562
18    0.324071
19    0.135343
20    0.075483
21    0.223509
22    0.184862
23    0.263157
24    0.202589
25    0.121830
26    0.206194
27    0.106792
28    0.088355
29    0.185540
30    0.227918
31    0.166056
32    0.226935
33    0.205722
34    0.143210
35    0.211890
36    0.158077
37    0.145044
38    0.494674
39    0.104632
40    0.102698
41    0.163281
42    0.084194
43    0.089397
44    0.068324
45    0.137800
46    0.187374
47    0.068085
48    0.046369
49    0.112303

