Train Accuracies:
0     0.633965
1     0.799874
2     0.839394
3     0.861616
4     0.867045
5     0.879040
6     0.899747
7     0.913258
8     0.926515
9     0.906061
10    0.931692
11    0.936111
12    0.942929
13    0.938636
14    0.939646
15    0.949621
16    0.925126
17    0.939268
18    0.939520
19    0.950000
20    0.943813
21    0.944949
22    0.947727
23    0.962121
24    0.949874
25    0.951768
26    0.948359
27    0.961237
28    0.953030
29    0.967551
30    0.959470
31    0.958965
32    0.964899
33    0.963636
34    0.961742
35    0.968813
36    0.965657
37    0.961237
38    0.969571
39    0.963636
40    0.963131
41    0.966162
42    0.961869
43    0.978283
44    0.963258
45    0.954040
46    0.965404
47    0.979419
48    0.977904
49    0.973359

Validation Accuracies:
0     0.781313
1     0.775253
2     0.852525
3     0.846970
4     0.907071
5     0.907071
6     0.912121
7     0.939394
8     0.879293
9     0.945960
10    0.939394
11    0.965152
12    0.960101
13    0.952020
14    0.890404
15    0.953030
16    0.970202
17    0.958586
18    0.956566
19    0.939899
20    0.965657
21    0.963636
22    0.953030
23    0.929798
24    0.968182
25    0.976768
26    0.947475
27    0.973232
28    0.975758
29    0.950505
30    0.953030
31    0.949495
32    0.980303
33    0.934848
34    0.940404
35    0.957576
36    0.974747
37    0.922727
38    0.924747
39    0.971212
40    0.971717
41    0.977273
42    0.965152
43    0.962626
44    0.941919
45    0.912626
46    0.971212
47    0.987879
48    0.984343
49    0.980303

Train Losses:
0     3.302123
1     0.495912
2     0.408905
3     0.363539
4     0.349555
5     0.328486
6     0.260094
7     0.236780
8     0.209510
9     0.262137
10    0.183493
11    0.180055
12    0.160909
13    0.181537
14    0.172207
15    0.149678
16    0.222236
17    0.173069
18    0.171968
19    0.153280
20    0.162874
21    0.167701
22    0.158486
23    0.118019
24    0.144737
25    0.138508
26    0.155916
27    0.116939
28    0.129224
29    0.099364
30    0.120605
31    0.127167
32    0.103619
33    0.117818
34    0.112084
35    0.099677
36    0.102932
37    0.115131
38    0.092206
39    0.108369
40    0.115024
41    0.101392
42    0.115736
43    0.066062
44    0.111010
45    0.144083
46    0.111192
47    0.059332
48    0.071256
49    0.064505

Validation Losses:
0     0.511557
1     0.608410
2     0.371601
3     0.373886
4     0.230421
5     0.250900
6     0.235776
7     0.168938
8     0.338787
9     0.144737
10    0.152450
11    0.112258
12    0.106123
13    0.119005
14    0.332215
15    0.144075
16    0.095078
17    0.115329
18    0.136380
19    0.184194
20    0.113804
21    0.112329
22    0.188713
23    0.234694
24    0.087873
25    0.077182
26    0.186005
27    0.075976
28    0.073791
29    0.164494
30    0.130095
31    0.138764
32    0.058423
33    0.189684
34    0.211554
35    0.113186
36    0.068610
37    0.273398
38    0.177020
39    0.098335
40    0.081541
41    0.093707
42    0.088316
43    0.111309
44    0.232418
45    0.411616
46    0.080868
47    0.048558
48    0.054551
49    0.083369

