Train Accuracies:
0     0.679293
1     0.827778
2     0.865278
3     0.881313
4     0.897727
5     0.904545
6     0.917803
7     0.924242
8     0.931692
9     0.928030
10    0.934091
11    0.938636
12    0.942803
13    0.940152
14    0.934722
15    0.945707
16    0.940152
17    0.945833
18    0.951010
19    0.952525
20    0.951768
21    0.947727
22    0.949116
23    0.949116
24    0.962374
25    0.960101
26    0.951263
27    0.965025
28    0.960985
29    0.959596
30    0.950631
31    0.959470
32    0.966667
33    0.964268
34    0.968308
35    0.957197
36    0.959975
37    0.964394
38    0.957702
39    0.959596
40    0.952399
41    0.945960
42    0.966035
43    0.966288
44    0.964394
45    0.967172
46    0.971086
47    0.974116
48    0.975884
49    0.971086

Validation Accuracies:
0     0.730303
1     0.842424
2     0.855556
3     0.924242
4     0.900505
5     0.914141
6     0.904040
7     0.940909
8     0.952020
9     0.924242
10    0.929798
11    0.930303
12    0.924747
13    0.895455
14    0.905051
15    0.947980
16    0.956061
17    0.938384
18    0.956566
19    0.934343
20    0.915657
21    0.909596
22    0.962626
23    0.945455
24    0.960606
25    0.931818
26    0.940909
27    0.933838
28    0.918687
29    0.862626
30    0.946465
31    0.923232
32    0.958081
33    0.894949
34    0.916667
35    0.964646
36    0.967677
37    0.954545
38    0.936869
39    0.941919
40    0.824747
41    0.947475
42    0.967677
43    0.882828
44    0.970707
45    0.937879
46    0.968182
47    0.979293
48    0.976768
49    0.976263

Train Losses:
0     3.517465
1     0.442603
2     0.352608
3     0.320259
4     0.284414
5     0.257168
6     0.226595
7     0.214762
8     0.193842
9     0.206202
10    0.196289
11    0.171294
12    0.166211
13    0.173328
14    0.193082
15    0.153938
16    0.173352
17    0.154769
18    0.147837
19    0.139546
20    0.138658
21    0.147593
22    0.151503
23    0.158551
24    0.114154
25    0.128257
26    0.157813
27    0.106729
28    0.125878
29    0.121719
30    0.152971
31    0.122228
32    0.102569
33    0.118307
34    0.096228
35    0.125049
36    0.123750
37    0.111095
38    0.129378
39    0.126549
40    0.140981
41    0.161400
42    0.107470
43    0.098619
44    0.111630
45    0.104673
46    0.088971
47    0.075308
48    0.074378
49    0.083653

Validation Losses:
0     0.623528
1     0.409106
2     0.366835
3     0.208127
4     0.307371
5     0.231731
6     0.243432
7     0.163764
8     0.162083
9     0.223055
10    0.206536
11    0.228630
12    0.243755
13    0.313038
14    0.328076
15    0.137198
16    0.132463
17    0.196867
18    0.116690
19    0.228449
20    0.225681
21    0.319191
22    0.111932
23    0.146642
24    0.155428
25    0.226468
26    0.169422
27    0.185485
28    0.239757
29    0.279566
30    0.146486
31    0.202431
32    0.169504
33    0.261483
34    0.305569
35    0.122389
36    0.111754
37    0.168075
38    0.184817
39    0.202092
40    0.598587
41    0.130568
42    0.099616
43    0.497509
44    0.078216
45    0.196502
46    0.115233
47    0.065373
48    0.071828
49    0.069923

