Train Accuracies:
0     0.649369
1     0.803914
2     0.846843
3     0.869318
4     0.876768
5     0.901389
6     0.904040
7     0.909722
8     0.922601
9     0.930303
10    0.930556
11    0.937879
12    0.924495
13    0.931818
14    0.941162
15    0.943939
16    0.946843
17    0.947854
18    0.938005
19    0.936995
20    0.942298
21    0.947222
22    0.946086
23    0.957197
24    0.943434
25    0.949495
26    0.961490
27    0.961742
28    0.960354
29    0.957323
30    0.959848
31    0.958460
32    0.960859
33    0.963005
34    0.955429
35    0.944571
36    0.959722
37    0.960859
38    0.958838
39    0.968939
40    0.970202
41    0.972854
42    0.968434
43    0.966793
44    0.965404
45    0.968939
46    0.966919
47    0.973232
48    0.966667
49    0.976263

Validation Accuracies:
0     0.802525
1     0.844949
2     0.826263
3     0.865152
4     0.901010
5     0.866667
6     0.919192
7     0.830303
8     0.917677
9     0.904040
10    0.888889
11    0.941414
12    0.922222
13    0.928788
14    0.931818
15    0.944949
16    0.959596
17    0.908081
18    0.851515
19    0.941414
20    0.957071
21    0.955556
22    0.970707
23    0.953030
24    0.948990
25    0.955556
26    0.969697
27    0.950505
28    0.951515
29    0.891414
30    0.974242
31    0.960606
32    0.954040
33    0.909091
34    0.962626
35    0.964646
36    0.970707
37    0.941414
38    0.959091
39    0.958081
40    0.968687
41    0.917172
42    0.977273
43    0.957071
44    0.952525
45    0.963636
46    0.968182
47    0.961616
48    0.977273
49    0.972222

Train Losses:
0     3.601414
1     0.492602
2     0.395528
3     0.337408
4     0.330621
5     0.270544
6     0.258294
7     0.245851
8     0.219143
9     0.200727
10    0.201548
11    0.185731
12    0.224096
13    0.191475
14    0.169837
15    0.168602
16    0.147666
17    0.146284
18    0.185331
19    0.201473
20    0.162885
21    0.149712
22    0.156563
23    0.125195
24    0.183676
25    0.142310
26    0.120507
27    0.107498
28    0.115621
29    0.137542
30    0.126688
31    0.128309
32    0.123769
33    0.116759
34    0.142771
35    0.159558
36    0.128949
37    0.130215
38    0.130635
39    0.096462
40    0.100133
41    0.092070
42    0.093111
43    0.097238
44    0.112192
45    0.096752
46    0.099573
47    0.074103
48    0.104132
49    0.076597

Validation Losses:
0     0.471386
1     0.390481
2     0.452557
3     0.330480
4     0.254115
5     0.358921
6     0.223531
7     0.422344
8     0.238051
9     0.250394
10    0.340655
11    0.161349
12    0.266335
13    0.213260
14    0.204617
15    0.144321
16    0.118354
17    0.288705
18    0.892702
19    0.165431
20    0.145215
21    0.118765
22    0.081213
23    0.139833
24    0.133166
25    0.134636
26    0.079673
27    0.150885
28    0.159002
29    0.351053
30    0.076628
31    0.114021
32    0.146927
33    0.291302
34    0.108988
35    0.115135
36    0.106090
37    0.165987
38    0.128107
39    0.131749
40    0.085074
41    0.206934
42    0.061220
43    0.106276
44    0.185023
45    0.108519
46    0.118019
47    0.122210
48    0.086697
49    0.088013

